20118284
20173002
20173004
20173006
20601041
20807375
20825517
20840508
20868393
20884290
20946384
20946419
20946534
20946589
20950650
20955226
20955241
20962077
20962081
20962089
20964686
20964694
20971903
20980505
20980506
20980512
20980513
20980517
20980522
21035400
21037003
21037009
21039561
21054379
21062317
21070238
21075926
21075928
21097608
21097617
21097635
21148728
21148731
21155772
21176789
21183147
21183148
21183405
21205278
21226710
21239228
21241815
21251018
21269675
21281728
21281729
21295520
21296615
21349440
21406243
21418208
21435061
21435599
21458376
21459562
21463301
21463833
21496906
21498113
21521141
21521216
21526932
21526933
21699596
21839848
21907817
22001288
22004876
22182612
22182619
