19667393
20044015
20118285
20139282
20139283
20154326
20154327
20154328
20154329
20154330
20154331
20154332
20173001
20173007
20173008
20173010
20173011
20173012
20173013
20190018
20190019
20190020
20433937
20519149
20519150
20580606
20601040
20615753
20619350
20619886
20633690
20637818
20643581
20650683
20650684
20654725
20659575
20663713
20663714
20674490
20674491
20682355
20708435
20708961
20708962
20713166
20719250
20719377
20726924
20728557
20735493
20735792
20796204
20797444
20807339
20807371
20807372
20807586
20809921
20816830
20817115
20817555
20825506
20825576
20825577
20825578
20825579
20829107
20831646
20831647
20831729
20831730
20837155
20840499
20840506
20840510
20840555
20840607
20840610
20840611
20849972
20850479
20854394
20854397
20854479
20854480
20854481
20854482
20863853
20863856
20868394
20868395
20869315
20870768
20874804
20880020
20880021
20880023
20880024
20880038
20880202
20880204
20880205
20880224
20880225
20880226
20884291
20887752
20887797
20888422
20888926
20923688
20923689
20923690
20932726
20933014
20933015
20933016
20933017
20934378
20943971
20946131
20946418
20946532
20946588
20946918
20951166
20951167
20951743
20951744
20951745
20955222
20955223
20955224
20955225
20955227
20955810
20955812
20955813
20958305
20958807
20958808
20961294
20961741
20962076
20962078
20962079
20962080
20962084
20962085
20962086
20962087
20962088
20962090
20962091
20962092
20962093
20962094
20962095
20962096
20962097
20962099
20962100
20964684
20964685
20964687
20964691
20964693
20965267
20970456
20970457
20971037
20971202
20971898
20971899
20971900
20971901
20971902
20971904
20971906
20971907
20971909
20971910
20971911
20971913
20971915
20971916
20974179
20977507
20977508
20980497
20980498
20980499
20980500
20980502
20980503
20980504
20980507
20980509
20980510
20980514
20980515
20980516
20980518
20980520
20980521
20980523
20980524
20980525
21029103
21029104
21029117
21029232
21029749
21029750
21029751
21029752
21034772
21034774
21034775
21034776
21036992
21036993
21036994
21036997
21037000
21037002
21037006
21037007
21037011
21037013
21037014
21037015
21039479
21039558
21039559
21039560
21039562
21039563
21039564
21039565
21039566
21039568
21039570
21039609
21047954
21047956
21047958
21054380
21054381
21054410
21054436
21054437
21054438
21057007
21057009
21057010
21062316
21062318
21062319
21062320
21067973
21070858
21071191
21073454
21073455
21073976
21073977
21074256
21074391
21075922
21075924
21075925
21075927
21075929
21083871
21084112
21087459
21091811
21093904
21094264
21097609
21097612
21097613
21097616
21097618
21097623
21097625
21097626
21097627
21097629
21097630
21097631
21097632
21097633
21097634
21109013
21109491
21111055
21112814
21114562
21115656
21115657
21118200
21118326
21118421
21118422
21118423
21118424
21130034
21131484
21131485
21131488
21131490
21131491
21131496
21131497
21134480
21145409
21146624
21147032
21147038
21147039
21148724
21148727
21148729
21148730
21148732
21148733
21155769
21155770
21155773
21163445
21163447
21163702
21163703
21166911
21169481
21169482
21169483
21169486
21169488
21176790
21182519
21182520
21182521
21182522
21184840
21185234
21188839
21195204
21195251
21198588
21198589
21198590
21199018
21199020
21199022
21215883
21216300
21219328
21220037
21227486
21227492
21227494
21227499
21239227
21241326
21241327
21241328
21241329
21241330
21244418
21244419
21244420
21247806
21250989
21250990
21250991
21251017
21256454
21256455
21269301
21269674
21269678
21269682
21269685
21272001
21272792
21272793
21272794
21276719
21276754
21277552
21277756
21277986
21281727
21282046
21284624
21295519
21296405
21316301
21320625
21323920
21323921
21323923
21333593
21338353
21349121
21349441
21349442
21349577
21349764
21349766
21353502
21354373
21361929
21362491
21362493
21366562
21366563
21366565
21371655
21371656
21371657
21371658
21371747
21376291
21376292
21376670
21377422
21382108
21382109
21388371
21388372
21396477
21397320
21397475
21401589
21401590
21401591
21410804
21418209
21418210
21418211
21419234
21420357
21420905
21426342
21426343
21426344
21429718
21429803
21435062
21435601
21435708
21441069
21453780
21453871
21453872
21453873
21453963
21463300
21466552
21474379
21477200
21477201
21481448
21488872
21496127
21496128
21496907
21496911
21496912
21496915
21497073
21497131
21497133
21498115
21511047
21511198
21511199
21511200
21511329
21514396
21517842
21521136
21521137
21521139
21521140
21521143
21521144
21521145
21521214
21521215
21526926
21526928
21526929
21526930
21526934
21526935
21529148
21529150
21529151
21529152
21565476
21565477
21570267
21585578
21600845
21601645
21602035
21615578
21632222
21632223
21641779
21641780
21668550
21672063
21689183
21699593
21699594
21699595
21699597
21700437
21711401
21784165
21797944
21801845
21802913
21807107
21807108
21815956
21820070
21840411
21840412
21840413
21889597
21895817
21895819
21907298
21907818
21929695
21945996
22001287
22008745
22056520
22056521
22056522
22182605
22182606
22182610
22182611
22182614
22182615
22182617
22182620
22182621
22182622
22182623
